$ 1 10 0.23988752939670982 50 5 43 5e-11
w 848 400 928 400 0
w 816 400 848 400 0
w 752 400 816 400 0
w 704 400 752 400 0
w 640 400 704 400 0
w 560 400 640 400 0
w 528 400 560 400 0
w 464 400 528 400 0
w 416 400 464 400 0
w 368 400 416 400 0
w 896 80 928 80 0
w 816 80 896 80 0
w 752 80 816 80 0
w 688 80 752 80 0
w 640 80 688 80 0
w 608 80 640 80 0
w 528 80 608 80 0
w 464 80 528 80 0
w 400 80 464 80 0
w 368 80 400 80 0
c 464 256 464 80 4 10000 -5.694481303872017 0.001 0.1
c 752 256 752 80 4 10000 -2.433010372786268 0.001 0
v 704 352 704 288 0 2 0.000185 5 0 0 0.6667000000000001
w 752 192 736 208 0
165 752 160 784 160 6 0
w 848 320 848 400 0
w 816 128 816 80 0
w 896 80 896 192 0
w 896 192 880 192 0
r 688 80 688 192 0 3300000
w 688 192 752 192 0
c 752 288 752 400 4 0.001 5.000198061278646 0.001 0.1
c 816 320 816 400 4 1e-8 4.955400322577707 0.001 0
w 736 208 736 288 0
w 736 288 752 288 0
f 880 224 928 224 32 1.5 0.02
w 928 240 928 400 0
w 704 352 704 400 0
r 928 208 928 112 0 27
w 928 112 928 80 0
w 640 112 640 80 0
r 640 208 640 112 0 14
w 416 352 416 400 0
c 464 256 416 256 4 1.0000000000000001e-7 1.844985641301229 0.001 0.1
w 640 240 640 400 0
f 592 224 640 224 32 1.5 0.02
w 448 288 464 288 0
w 448 208 448 288 0
c 528 320 528 400 4 1e-8 4.955400322577706 0.001 0
c 464 288 464 400 4 0.001 1.744985619307079 0.001 0
w 400 192 464 192 0
r 400 80 400 192 0 91
w 608 192 592 192 0
w 608 80 608 192 0
w 528 128 528 80 0
w 560 320 560 400 0
165 464 160 496 160 6 7.433010298456166
w 464 192 448 208 0
v 416 352 416 256 0 2 0.000185 0.1 0 0 0.055999999999999994
g 80 400 80 416 0 0
r 352 80 352 400 0 55
w 192 80 256 80 0
w 192 400 256 400 0
w 192 304 192 400 0
w 192 176 192 80 0
w 80 400 192 400 0
w 96 80 192 80 0
r 256 240 256 176 0 0.05
v 256 400 256 240 0 0 40 7.4 0 0 0.5
d 128 176 192 176 2 default
w 128 304 192 304 0
w 256 80 256 176 0
v 128 304 128 176 0 2 0.000185 8 0 0 0.6667000000000001
w 400 192 464 256 0
w 688 192 752 256 0
w 704 256 752 256 0
w 704 288 704 256 0
w 256 80 352 80 0
w 352 80 368 80 0
w 256 400 352 400 0
w 352 400 368 400 0

